# frame_id followed by pose
0 -1.130450 4.135980 1.687090 0.692687 0.025224 0.024255 -0.720389
1 -1.130450 4.135980 1.687090 0.692687 0.025224 0.024255 -0.720389
2 -1.130450 4.135980 1.687090 0.692687 0.025224 0.024255 -0.720389
3 -1.132405 4.086141 1.683593 0.692687 0.025224 0.024255 -0.720389
4 -1.132405 4.086141 1.683593 0.692687 0.025224 0.024255 -0.720389
5 -1.132405 4.086141 1.683593 0.692745 0.023423 0.022523 -0.720450
6 -1.132405 4.086141 1.683593 0.692849 0.019820 0.019059 -0.720558
7 -1.134363 4.036220 1.681593 0.691201 0.012644 0.012098 -0.722450
8 -1.140987 3.886458 1.676344 0.691201 0.012644 0.012098 -0.722450
9 -1.147612 3.736696 1.671095 0.691201 0.012644 0.012098 -0.722450
10 -1.152028 3.636855 1.667596 0.691201 0.012644 0.012098 -0.722450
11 -1.158653 3.487085 1.662597 0.691229 0.010838 0.010370 -0.722480
12 -1.167487 3.287350 1.657347 0.691253 0.009031 0.008642 -0.722505
13 -1.176322 3.087608 1.652348 0.691272 0.007225 0.006914 -0.722525
14 -1.182200 2.937740 1.650098 0.693092 0.005406 0.005199 -0.720810
15 -1.190038 2.737917 1.647098 0.693092 0.005406 0.005199 -0.720810
16 -1.195417 2.588031 1.644848 0.694892 0.005393 0.005212 -0.719075
17 -1.200046 2.438119 1.642599 0.696687 0.005380 0.005226 -0.717336
18 -1.203925 2.288187 1.640349 0.698478 0.005367 0.005239 -0.715592
19 -1.208765 2.088268 1.637349 0.698478 0.005367 0.005239 -0.715592
20 -1.211395 1.938309 1.635099 0.703826 0.005327 0.005279 -0.710333
21 -1.212525 1.788330 1.632849 0.707353 0.007068 0.007074 -0.706790
22 -1.211946 1.688352 1.630849 0.710878 0.007032 0.007109 -0.703244
23 -1.209077 1.538415 1.627850 0.724779 0.008611 0.009061 -0.688868
24 -1.200262 1.438838 1.625350 0.743447 0.008359 0.009294 -0.668678
25 -1.174686 1.240581 1.620350 0.764783 0.008052 0.009561 -0.644167
26 -1.144539 1.093723 1.616600 0.794506 0.007589 0.009932 -0.607127
27 -1.112546 0.999022 1.614601 0.825312 0.004234 0.006190 -0.564626
28 -1.074229 0.906672 1.613351 0.837820 0.002729 0.004189 -0.545924
29 -1.074229 0.906672 1.613351 0.905743 -0.005296 -0.011322 -0.423643
30 -1.074229 0.906672 1.613351 0.917018 -0.005980 -0.013756 -0.398564
31 -1.074229 0.906672 1.613351 0.923814 -0.006694 -0.016168 -0.382441
32 -1.074229 0.906672 1.613351 0.930322 -0.007326 -0.018609 -0.366199
33 -1.074229 0.906672 1.613351 0.932091 -0.008136 -0.020975 -0.361524
34 -1.074229 0.906672 1.613351 0.932992 -0.008084 -0.020996 -0.359192
35 -1.037175 0.873177 1.615600 0.938219 -0.008631 -0.023460 -0.345137
36 -1.037175 0.873177 1.615600 0.942398 -0.009171 -0.025922 -0.333361
37 -1.037175 0.873177 1.615600 0.948088 -0.008715 -0.026079 -0.316819
38 -1.037175 0.873177 1.615600 0.954165 -0.008937 -0.028633 -0.297773
39 -0.953858 0.818292 1.622345 0.958369 -0.009923 -0.033556 -0.283382
40 -0.827883 0.737546 1.632836 0.959773 -0.009755 -0.033606 -0.278587
41 -0.700979 0.658278 1.643327 0.963844 -0.009250 -0.033748 -0.264159
42 -0.571522 0.583293 1.654068 0.968231 -0.009276 -0.036326 -0.247230
43 -0.483187 0.537024 1.661561 0.972982 -0.008548 -0.036504 -0.227817
44 -0.348186 0.472642 1.672801 0.977861 -0.007724 -0.036687 -0.205869
45 -0.256635 0.433123 1.680294 0.979378 -0.007449 -0.036744 -0.198529
46 -0.118008 0.376948 1.691533 0.981314 -0.007081 -0.036816 -0.188726
47 0.021803 0.323790 1.702773 0.984034 -0.006528 -0.036919 -0.173986
48 0.115894 0.290772 1.710266 0.985725 -0.006159 -0.036982 -0.164137
49 0.210393 0.258930 1.717759 0.986533 -0.005974 -0.037012 -0.159206
50 0.352762 0.213064 1.728998 0.987700 -0.005696 -0.037056 -0.151803
51 0.543864 0.156037 1.743984 0.989865 -0.005140 -0.037137 -0.136971
52 0.687889 0.115659 1.755224 0.990205 -0.005047 -0.037150 -0.134496
53 0.880428 0.063666 1.770210 0.991275 -0.004450 -0.034709 -0.127077
54 1.025604 0.027369 1.780452 0.992870 -0.003730 -0.032280 -0.114686
55 1.171693 -0.005299 1.789946 0.994045 -0.003145 -0.029830 -0.104760
56 1.318337 -0.035535 1.798940 0.994556 -0.002995 -0.029845 -0.099788
57 1.465083 -0.065282 1.807935 0.993917 -0.002683 -0.024853 -0.107259
58 1.610628 -0.100643 1.814683 0.989030 -0.002205 -0.014836 -0.146949
59 1.752250 -0.149680 1.818432 0.981020 -0.001454 -0.007358 -0.193761
60 1.843639 -0.190218 1.819682 0.971929 -0.000001 0.000000 -0.235273
61 1.931369 -0.238146 1.819432 0.965089 0.000654 0.002413 -0.261908
62 2.057470 -0.319269 1.818182 0.952307 0.002287 0.007143 -0.305050
63 2.135773 -0.381304 1.816182 0.931348 0.004548 0.011643 -0.363916
64 2.241587 -0.487385 1.811433 0.912906 0.008154 0.018261 -0.407679
65 2.305443 -0.564237 1.807434 0.900219 0.009785 0.020259 -0.434855
66 2.396410 -0.683289 1.800687 0.891343 0.010188 0.020059 -0.452772
67 2.480904 -0.807025 1.793939 0.877361 0.010785 0.019744 -0.479304
68 2.533170 -0.892120 1.788941 0.866304 0.012474 0.021662 -0.498892
69 2.558017 -0.935437 1.786442 0.857384 0.014136 0.023584 -0.513941
70 2.623911 -1.069852 1.777946 0.829174 0.016750 0.024883 -0.558185
71 2.695071 -1.256329 1.765954 0.809134 0.017610 0.024282 -0.586859
72 2.724882 -1.351586 1.759957 0.795726 0.018152 0.023879 -0.604914
73 2.764212 -1.496056 1.750963 0.791166 0.018331 0.023742 -0.610865
74 2.788500 -1.592871 1.744967 0.780356 0.018743 0.023418 -0.624616
75 2.820072 -1.739229 1.735973 0.772487 0.019034 0.023182 -0.634322
76 2.838021 -1.837423 1.729976 0.764553 0.017713 0.021031 -0.643974
77 2.861507 -1.985337 1.721730 0.748265 0.016576 0.018711 -0.662928
78 2.883593 -2.183863 1.711984 0.736594 0.015211 0.016576 -0.675961
79 2.891656 -2.283446 1.707736 0.733278 0.011895 0.012834 -0.679703
80 2.898726 -2.383133 1.704237 0.729871 0.011959 0.012774 -0.683361
81 2.910372 -2.582692 1.697988 0.724779 0.008610 0.009060 -0.688868
82 2.917237 -2.732492 1.694488 0.719628 0.005207 0.005397 -0.694319
83 2.922355 -2.882390 1.692488 0.716166 0.001744 0.001791 -0.697926
84 2.927014 -3.082334 1.692738 0.714412 -0.003499 -0.003572 -0.699708
85 2.930133 -3.232290 1.694488 0.714401 -0.005248 -0.005358 -0.699697
86 2.934291 -3.432204 1.698488 0.714340 -0.010496 -0.010716 -0.699638
87 2.937408 -3.582096 1.703237 0.714240 -0.015743 -0.016073 -0.699539
88 2.939485 -3.681962 1.707985 0.714198 -0.017492 -0.017858 -0.699498
89 2.944885 -3.881597 1.718730 0.719325 -0.020828 -0.021586 -0.694026
90 2.950740 -4.031147 1.728722 0.722668 -0.024171 -0.025303 -0.690309
91 2.957590 -4.180623 1.739214 0.722668 -0.024171 -0.025303 -0.690309
92 2.964936 -4.330038 1.750204 0.724326 -0.025829 -0.027174 -0.688437
93 2.975809 -4.529179 1.765190 0.726045 -0.025761 -0.027239 -0.686624
94 2.986931 -4.728306 1.780176 0.726045 -0.025761 -0.027239 -0.686624
95 2.995272 -4.877651 1.791416 0.720875 -0.025964 -0.027045 -0.692050
96 2.999380 -5.027166 1.802655 0.706891 -0.026500 -0.026520 -0.706329
97 2.997216 -5.126854 1.810148 0.672673 -0.024034 -0.021869 -0.739226
98 2.987331 -5.226166 1.816394 0.424265 0.022634 0.010610 -0.905193
99 2.987331 -5.226166 1.816394 0.387644 0.029951 0.012604 -0.921236
100 2.987331 -5.226166 1.816394 0.348022 0.039826 0.014801 -0.936523
101 2.987331 -5.226166 1.816394 0.319702 0.044984 0.015198 -0.946328
102 2.987331 -5.226166 1.816394 0.295910 0.047735 0.014808 -0.953907
103 2.987331 -5.226166 1.816394 0.271973 0.048090 0.013611 -0.961006
104 2.987331 -5.226166 1.816394 0.235752 0.048567 0.011798 -0.970527
105 2.987331 -5.226166 1.816394 0.204116 0.046480 0.009703 -0.977795
106 2.987331 -5.226166 1.816394 0.154991 0.046907 0.007368 -0.986774
107 2.987331 -5.226166 1.816394 0.105492 0.044733 0.004751 -0.993402
108 2.987331 -5.226166 1.816394 0.078145 0.042357 0.003324 -0.996036
109 2.987331 -5.226166 1.816394 0.050728 0.042432 0.002158 -0.997808
110 2.987331 -5.226166 1.816394 0.008288 0.042486 0.000353 -0.999063
111 2.987331 -5.226166 1.816394 0.019186 -0.042479 0.000815 0.998913
112 2.987331 -5.226166 1.816394 0.074070 -0.042370 0.003149 0.996348
113 2.987331 -5.226166 1.816394 0.153471 -0.039515 0.006142 0.987344
114 2.987331 -5.226166 1.816394 0.168264 -0.039418 0.006734 0.984931
115 2.987331 -5.226166 1.816394 0.195301 -0.036768 0.007327 0.980026
116 2.987331 -5.226166 1.816394 0.236763 -0.036424 0.008882 0.970844
117 2.987331 -5.226166 1.816394 0.292216 -0.031075 0.009500 0.955800
118 2.987331 -5.226166 1.816394 0.349056 -0.025766 0.009601 0.936698
119 2.987331 -5.226166 1.816394 0.400021 -0.025199 0.011003 0.916094
120 2.987331 -5.226166 1.816394 0.427319 -0.024858 0.011754 0.903683
121 2.987331 -5.226166 1.816394 0.471950 -0.024239 0.012981 0.881196
122 2.987331 -5.226166 1.816394 0.519712 -0.021354 0.012995 0.853976
123 2.987331 -5.226166 1.816394 0.551425 -0.016682 0.011029 0.833984
124 2.987331 -5.226166 1.816394 0.580322 -0.012215 0.008705 0.814249
125 2.971023 -5.178924 1.814894 0.598515 -0.010013 0.007481 0.801014
126 2.971023 -5.178924 1.814894 0.622319 0.001957 -0.001556 0.782760
127 2.971023 -5.178924 1.814894 0.637801 0.009626 -0.007973 0.770100
128 2.971023 -5.178924 1.814894 0.658620 0.016926 -0.014822 0.752140
129 2.971023 -5.178924 1.814894 0.662333 0.018723 -0.016562 0.748793
130 2.953480 -5.030169 1.822891 0.673287 0.025859 -0.023575 0.738552
131 2.941668 -4.881067 1.834130 0.684091 0.030965 -0.029092 0.728159
132 2.933598 -4.731924 1.847860 0.691098 0.036081 -0.034584 0.721031
133 2.930129 -4.632539 1.858341 0.696303 0.039399 -0.038336 0.715639
134 2.926545 -4.483574 1.875553 0.699671 0.042768 -0.042031 0.711944
135 2.923839 -4.285218 1.900983 0.704654 0.047750 -0.047637 0.706338
136 2.923732 -4.136584 1.921172 0.706296 0.049392 -0.049522 0.704453
137 2.924615 -3.988055 1.942103 0.707928 0.051024 -0.051415 0.702560
138 2.926110 -3.889155 1.956799 0.714650 0.053984 -0.055497 0.695185
139 2.931565 -3.691628 1.987675 0.714650 0.053984 -0.055497 0.695185
140 2.935903 -3.543490 2.010833 0.718117 0.053706 -0.055766 0.691603
141 2.942216 -3.395427 2.033990 0.726705 0.053005 -0.056433 0.682572
142 2.955320 -3.198259 2.064866 0.728410 0.052864 -0.056565 0.680753
143 2.962734 -3.099737 2.080304 0.731660 0.054273 -0.058658 0.676969
144 2.971126 -3.001372 2.096236 0.735035 0.053979 -0.058929 0.673303
145 2.985803 -2.854020 2.120133 0.741732 0.053387 -0.059466 0.665919
146 3.007746 -2.657798 2.151996 0.743394 0.053238 -0.059599 0.664062
147 3.024877 -2.510709 2.175894 0.745052 0.053089 -0.059732 0.662202
148 3.036461 -2.412668 2.191825 0.746705 0.052940 -0.059864 0.660337
149 3.060619 -2.216627 2.223195 0.748501 0.051143 -0.058125 0.658598
150 3.079484 -2.069593 2.246105 0.748644 0.049497 -0.056254 0.658724
151 3.098369 -1.922410 2.268026 0.748783 0.047850 -0.054382 0.658846
152 3.117267 -1.775121 2.289204 0.748916 0.046203 -0.052510 0.658963
153 3.136179 -1.627728 2.309641 0.749045 0.044555 -0.050638 0.659077
154 3.154366 -1.480146 2.329334 0.745983 0.041493 -0.046685 0.663029
155 3.171840 -1.332254 2.347290 0.746207 0.038177 -0.042955 0.663228
156 3.183497 -1.233601 2.358765 0.744652 0.036622 -0.040997 0.665186
157 3.205845 -1.035989 2.379975 0.744752 0.034959 -0.039136 0.665275
158 3.227710 -0.838221 2.400190 0.743272 0.031720 -0.035332 0.667302
159 3.243253 -0.689709 2.414419 0.741602 0.031809 -0.035253 0.669158
160 3.248354 -0.640173 2.418913 0.741769 0.028462 -0.031544 0.669309
161 3.268271 -0.441893 2.435892 0.740170 0.026863 -0.029623 0.671230
162 3.286959 -0.243372 2.451376 0.738561 0.025254 -0.027709 0.673144
163 3.300297 -0.094372 2.462367 0.735253 0.023701 -0.025745 0.676889
164 3.315521 0.104605 2.475607 0.731921 0.022128 -0.023796 0.680615
165 3.326380 0.253894 2.485350 0.731921 0.022128 -0.023796 0.680614
166 3.337239 0.403183 2.495093 0.731921 0.022128 -0.023796 0.680614
167 3.344478 0.502709 2.501589 0.731921 0.022128 -0.023796 0.680614
168 3.358708 0.701778 2.514580 0.730217 0.022187 -0.023741 0.682442
169 3.371694 0.900932 2.527571 0.728509 0.022246 -0.023685 0.684266
170 3.377439 1.000554 2.534066 0.725078 0.022364 -0.023574 0.687900
171 3.385311 1.150030 2.543809 0.725078 0.022364 -0.023574 0.687900
172 3.392433 1.299509 2.554051 0.721503 0.025939 -0.027069 0.691395
173 3.398057 1.448959 2.565540 0.716228 0.027883 -0.028665 0.696720
174 3.400440 1.598344 2.578773 0.703610 0.035471 -0.035210 0.708827
175 3.399824 1.648065 2.584013 0.699967 0.037427 -0.036782 0.712245
176 3.393638 1.846718 2.606217 0.683477 0.043703 -0.041058 0.727505
177 3.381399 1.994941 2.625662 0.668356 0.051923 -0.046862 0.740546
178 3.363532 2.142237 2.647583 0.654931 0.058374 -0.050859 0.751712
179 3.349028 2.239927 2.663267 0.647254 0.060775 -0.051891 0.758074
180 3.323657 2.385646 2.688151 0.631566 0.067581 -0.055404 0.770381
181 3.303391 2.481964 2.705808 0.611691 0.074837 -0.058287 0.785389
182 3.264516 2.623876 2.734873 0.591428 0.082272 -0.060835 0.799839
183 3.249039 2.670208 2.745540 0.576879 0.089397 -0.063714 0.809419
184 3.198340 2.807379 2.778762 0.543584 0.098110 -0.064167 0.831128
185 3.133916 2.937734 2.815387 0.502888 0.109601 -0.064468 0.854948
186 3.062788 3.064184 2.853466 0.485372 0.115191 -0.064691 0.864269
187 2.982010 3.183793 2.893957 0.436523 0.127463 -0.062629 0.888414
188 2.921777 3.258299 2.922552 0.397791 0.139064 -0.061138 0.904813
189 2.854313 3.325498 2.953057 0.353961 0.148726 -0.057122 0.921590
190 2.781626 3.386222 2.984988 0.295342 0.159063 -0.049938 0.940733
191 2.700954 3.434679 3.018808 0.226029 0.171851 -0.040547 0.957984
192 2.574311 3.495608 3.071180 0.182539 0.178335 -0.033688 0.966303
193 2.441824 3.539543 3.125655 0.104535 0.190225 -0.020376 0.975947
194 2.396179 3.547539 3.144433 0.248412 -0.225119 -0.059476 -0.940253
195 2.357528 3.525327 3.167077 0.255304 -0.227012 -0.061801 -0.937799
196 2.357528 3.525327 3.167077 0.283146 -0.227380 -0.069291 -0.929153
197 2.357528 3.525327 3.167077 0.283146 -0.227380 -0.069291 -0.929153
198 2.357528 3.525327 3.167077 0.310889 -0.225199 -0.076080 -0.920242
199 2.322948 3.497558 3.190166 0.322367 -0.224230 -0.078889 -0.916284
200 2.220330 3.412877 3.259433 0.340418 -0.224881 -0.084209 -0.909095
201 2.154207 3.354107 3.306054 0.347227 -0.224243 -0.085893 -0.906516
202 2.057419 3.263349 3.375985 0.367534 -0.222254 -0.090916 -0.898474
203 1.994625 3.201031 3.422606 0.387655 -0.220153 -0.095893 -0.889978
204 1.876931 3.068974 3.515847 0.416369 -0.216920 -0.102997 -0.876912
205 1.822260 2.999140 3.562025 0.434354 -0.210472 -0.105144 -0.869473
206 1.769569 2.927507 3.607759 0.451927 -0.206175 -0.108202 -0.861130
207 1.697604 2.814184 3.674574 0.484750 -0.195641 -0.112223 -0.845073
208 1.631179 2.696590 3.739819 0.497940 -0.189745 -0.112657 -0.838666
209 1.588866 2.616623 3.782412 0.508953 -0.184158 -0.112477 -0.833308
210 1.548695 2.534863 3.823644 0.528712 -0.173355 -0.111310 -0.823421
211 1.511620 2.451096 3.863734 0.549981 -0.164439 -0.111487 -0.811203
212 1.462558 2.321746 3.921685 0.566661 -0.158175 -0.111921 -0.800843
213 1.432409 2.234210 3.959473 0.576910 -0.154778 -0.112448 -0.794087
214 1.406182 2.145246 3.996797 0.600760 -0.149394 -0.115538 -0.776801
215 1.360825 1.965143 4.070982 0.616175 -0.147054 -0.118503 -0.764631
216 1.335072 1.828179 4.126388 0.635399 -0.142173 -0.120554 -0.749347
217 1.320321 1.736307 4.163015 0.641002 -0.141265 -0.121617 -0.744561
218 1.303030 1.597816 4.217957 0.657591 -0.138493 -0.124764 -0.729951
219 1.198661 1.561198 4.236271 0.726124 -0.130297 -0.143417 -0.659696
220 1.049373 1.546602 4.236271 0.731051 -0.129218 -0.144390 -0.654231
221 0.999680 1.541074 4.236271 0.742388 -0.126671 -0.146629 -0.641338
222 0.999680 1.541074 4.236271 0.750346 -0.124828 -0.148201 -0.632009
223 0.999680 1.541074 4.236271 0.758187 -0.122966 -0.149750 -0.622580
224 0.999680 1.541074 4.236271 0.762456 -0.123381 -0.152574 -0.616570
225 0.999680 1.541074 4.236271 0.762456 -0.123381 -0.152574 -0.616570
226 0.999680 1.541074 4.236271 0.762456 -0.123381 -0.152574 -0.616570
227 0.999680 1.541074 4.236271 0.762456 -0.123381 -0.152574 -0.616570
228 0.999680 1.541074 4.236271 0.762456 -0.123381 -0.152574 -0.616570
229 0.999680 1.541074 4.236271 0.762456 -0.123381 -0.152574 -0.616570
230 0.999680 1.541074 4.236271 0.762456 -0.123381 -0.152574 -0.616570
231 0.999680 1.541074 4.236271 0.761684 -0.126463 -0.156385 -0.615945
232 1.009009 1.496383 4.256659 0.758950 -0.131483 -0.161765 -0.616879
233 1.009009 1.496383 4.256659 0.756999 -0.133434 -0.163329 -0.618442
234 1.009009 1.496383 4.256659 0.756999 -0.133434 -0.163329 -0.618442
235 1.009009 1.496383 4.256659 0.756999 -0.133434 -0.163329 -0.618442
236 1.009009 1.496383 4.256659 0.756173 -0.136524 -0.167111 -0.617768
237 1.026968 1.408147 4.300156 0.754899 -0.141154 -0.172778 -0.616726
238 1.053908 1.275794 4.365402 0.754899 -0.141154 -0.172778 -0.616726
239 1.071867 1.187558 4.408899 0.754899 -0.141154 -0.172778 -0.616726
240 1.107786 1.011087 4.495893 0.754899 -0.141154 -0.172778 -0.616726
241 1.143704 0.834616 4.582887 0.754899 -0.141154 -0.172778 -0.616726
242 1.170643 0.702263 4.648133 0.754899 -0.141154 -0.172778 -0.616726
243 1.197582 0.569909 4.713378 0.754899 -0.141154 -0.172778 -0.616726
244 1.215563 0.481568 4.756650 0.755753 -0.138068 -0.169001 -0.617424
245 1.242369 0.347578 4.818493 0.755065 -0.123713 -0.149133 -0.626363
246 1.259507 0.256401 4.855817 0.754592 -0.119370 -0.143168 -0.629162
247 1.276319 0.164427 4.891278 0.754766 -0.104226 -0.123741 -0.635731
248 1.299914 0.023401 4.936555 0.752553 -0.090694 -0.106051 -0.643577
249 1.321630 -0.119518 4.976564 0.750344 -0.084746 -0.098098 -0.648212
250 1.335448 -0.215291 5.001788 0.749201 -0.081739 -0.094141 -0.650503
251 1.354457 -0.359802 5.037200 0.745412 -0.074235 -0.084215 -0.657082
252 1.372338 -0.505089 5.069934 0.742528 -0.071350 -0.080131 -0.661166
253 1.389282 -0.650759 5.101448 0.742919 -0.068044 -0.076417 -0.661515
254 1.389282 -0.650759 5.101448 0.739973 -0.065098 -0.072377 -0.665555
255 1.389282 -0.650759 5.101448 0.739973 -0.065098 -0.072377 -0.665555
256 1.389282 -0.650759 5.101448 0.739973 -0.065098 -0.072377 -0.665555
257 1.389282 -0.650759 5.101448 0.740152 -0.063434 -0.070527 -0.665716
258 1.389282 -0.650759 5.101448 0.740152 -0.063434 -0.070527 -0.665716
